# Created by Octave 5.1.0, Tue Oct 15 17:27:19 2019 GMT <unknown@Alienovo>
# name: aa
# type: matrix
# rows: 1
# columns: 5
 55 55 55 55 55


# name: c
# type: matrix
# rows: 1
# columns: 4
 1 2 55 8888


# name: length
# type: matrix
# rows: 1
# columns: 2
 1 5


